9 1 2479 2 2154 5477 4 440 2276 6036 9838 4 6639 7926 9054 9748 1 1247 1 1992 1 2535 3 5095 7744 9337 6 2343 4737 7188 8518 9241 9486 
9 3 765 1542 7203 3 5854 7309 8827 1 5993 4 991 4956 6376 7993 3 606 1798 8964 3 606 1091 2787 2 4023 5242 3 2451 6392 8259 5 703 3355 5892 7169 9239 
6 1 9033 3 1845 7713 8778 3 1285 1705 7890 3 4049 6908 7443 2 765 1739 2 3627 9693 
1 2 269 4701 
2 2 6273 7655 1 2654 
6 1 149 2 3533 9471 1 5758 1 1491 1 5024 1 3812 
8 3 3404 4764 6487 3 5210 7637 7771 3 1405 5501 9708 3 3572 3875 7705 3 2709 4167 5713 7 886 2870 6918 7963 8571 9125 9795 2 723 6970 2 625 5975 
4 1 7851 1 2053 2 5826 8595 1 1734 
6 2 7213 7771 1 5510 2 4652 9373 1 9928 2 6771 7774 2 3113 8769 
5 2 765 6075 1 5735 1 3541 1 2715 1 2104 
3 1 1956 1 7093 2 298 2017 
7 1 3297 3 5577 5612 8526 3 3337 3692 8210 2 3279 8497 2 6052 7708 1 1258 1 6150 
9 1 4632 3 7612 8099 9393 4 1327 2055 5783 7642 5 4581 5060 6055 6901 8900 1 116 3 1510 3768 4435 1 140 4 4464 4664 6228 8283 3 2575 4565 6039 
8 7 2123 3096 3235 5029 8444 8567 8708 3 5550 5553 8445 4 3560 4804 7879 8034 2 4204 9124 4 327 3315 7615 7832 5 959 3023 6318 7616 8665 4 157 646 5661 8723 4 46 2051 2729 6037 
10 3 5869 5872 8093 2 312 4650 2 5783 6558 1 6116 3 494 2540 6711 1 3278 2 5193 5852 3 1917 4144 4474 4 1788 3629 4386 9542 4 2958 6708 7960 8983 
8 2 148 689 2 8663 9840 2 5675 7421 3 281 4646 5886 1 7924 3 1186 3023 7960 1 876 1 9731 
11 1 6201 1 3928 2 1345 4035 2 3811 9780 4 2177 5436 6150 7741 2 1710 8789 2 3708 6654 1 2702 2 3400 6061 4 2343 4627 4737 9487 1 4861 
4 1 1483 1 7835 1 8185 1 7218 
13 1 2217 3 5116 7988 9601 1 7211 3 1146 5819 9517 1 5724 1 611 1 9715 3 3441 8566 9551 2 7953 8373 2 1714 2410 1 9916 2 4149 7187 3 767 2285 3023 
7 2 617 9118 1 8204 3 1258 3825 7991 2 9387 9928 3 1504 6771 9845 2 8 381 1 7960 
6 4 2431 6365 9355 9567 1 4548 2 3592 4688 2 5309 6481 2 1805 3691 3 70 3613 4895 
7 1 5089 2 4177 7067 1 1051 2 3973 8280 3 1323 3697 9049 1 5982 2 3812 9296 
14 3 764 5329 5899 2 3386 6186 4 3342 5945 9075 9293 3 3143 5937 6944 3 2756 3331 4049 2 6034 9023 2 1098 5561 3 2375 8785 9983 5 1367 3927 4549 8724 9799 2 1279 5759 2 6376 7759 2 715 9674 2 765 2155 4 1521 3162 6392 8381 
6 3 3819 7192 9827 2 2547 2839 1 6529 3 3473 5357 7927 3 33 2341 5907 1 6537 
10 6 3428 3592 8911 9195 9238 9752 7 666 1767 4316 5598 7472 8404 9841 4 449 3923 5089 5535 4 1040 2634 5728 6674 3 173 1638 6305 4 647 4838 4901 6712 5 1464 5591 5710 7379 8258 3 2573 5777 8303 5 743 814 3586 4274 6773 5 70 3117 3125 4375 5689 
11 2 1060 6944 4 281 2991 6775 9198 5 188 1829 5649 5724 9114 2 3927 7455 4 1190 1513 3122 7450 4 619 1759 5779 7721 3 827 4252 7786 3 1566 3154 3342 5 562 1074 1386 5470 8625 3 365 6337 6672 3 2500 4613 4905 
8 3 2712 6256 8279 2 4085 5280 2 5885 6534 2 1018 5171 1 6640 2 7960 8774 1 5193 1 8865 
9 3 210 6045 8259 4 2967 3872 6147 7804 2 1779 8605 1 8457 4 1011 1038 4905 5052 3 3026 4488 9400 1 5365 4 647 2063 4642 8763 5 365 1826 2155 5278 9566 
6 5 514 833 1127 3789 6495 3 6244 6293 9128 6 1269 3790 5216 6564 8671 8773 6 3018 3292 4213 7661 8332 8492 4 249 2874 4098 5146 3 4770 5724 7379 
11 4 407 3874 4419 6962 4 3264 5843 6195 7269 6 91 145 276 6063 8096 9556 4 3795 3927 5199 8698 6 1704 3195 3461 4282 6503 7962 2 6317 8440 1 3559 2 1991 7101 7 8 738 3910 4626 4895 7524 8356 3 1146 3334 5199 3 62 4828 7516 
5 2 7146 7354 1 1610 1 3781 1 5478 1 2191 
9 2 2991 9841 2 2123 8567 2 2573 8068 1 7832 3 1759 7879 8278 2 5031 5974 2 3342 5329 2 4438 7980 2 5748 6086 
15 3 68 3696 5111 3 872 1709 8372 5 318 502 5427 5967 6990 6 1813 1985 2190 3665 3889 4751 4 881 2117 2979 9562 3 1767 4066 5907 2 1334 9952 5 1006 2938 4777 6784 9556 5 1038 2429 4905 5687 8825 2 3188 6754 3 986 1630 7313 3 841 1369 2599 5 253 5312 6084 9257 9575 3 1355 1725 4741 4 7827 8126 9482 9845 
5 2 7389 9657 2 2991 6225 2 1387 7938 1 2636 1 3696 
13 7 1367 2233 3099 5502 5854 8827 9184 5 244 4135 4464 7715 9863 5 2997 6393 7145 7804 9842 4 1500 5278 7309 7669 7 751 5851 6179 8052 8732 8990 9916 2 3064 5877 5 899 1339 1746 2019 3922 3 7867 9100 9475 8 430 767 1274 4654 6397 6513 7826 8512 5 2051 2769 3718 4333 6355 6 5964 6657 7293 7342 7985 9867 4 872 1338 6043 7909 6 624 3130 3270 3600 5889 9928 
5 3 1269 1692 8512 2 5759 8540 1 8578 3 1629 6286 7124 2 1216 8573 
5 1 551 2 1507 7615 3 2250 3045 9363 3 447 710 9982 2 4552 7920 
11 3 1724 7594 7696 3 1620 2928 6195 1 962 3 4588 5693 8785 1 2980 2 510 7510 3 2 6640 7537 4 469 2731 3879 6513 2 4555 6032 3 1404 5697 6106 2 744 5322 
16 2 2967 6147 4 1490 3010 7744 8303 1 1255 3 1011 4115 4459 2 4135 7613 1 3467 1 6711 2 1537 6643 2 3629 9542 1 6734 2 2132 7396 3 4508 5573 9488 2 3246 7317 2 3711 7635 1 4876 2 3812 9296 
